2.000000
0.150000
0.000000
0.800000
30.000000
0.000000
384.000000
39.680000
1.000000
3.000000
3600.000000
2.000000
0.100000
0.000000
0.420000
23.750000
0.000000
371.000000
30.000000
1.910000
5.420000
3600.000000
2.850000
0.000000
0.000000
1.200000
23.430000
0.000000
312.000000
40.310000
6.380000
5.850000
3600.000000
1.290000
0.000000
0.000000
1.000000
25.620000
0.000000
436.000000
26.560000
5.420000
1.480000
248.000000
2.450000
0.050000
0.000000
0.800000
23.500000
0.000000
425.000000
43.120000
12.120000
19.940000
3600.000000
